771
227.6129443  67.4099885  -2.17  0.111532614161  -254.1  2.20041427796  0.0289502762431  0.0975596512667    1
227.5997398  67.34381  -1.81  0.111537066625  -245.75  2.20041434713  -0.0250819672131  0.105873439561    1
227.59070835  67.3324305  -2.015  0.111532362116  -249.007699901  2.30153135751  -0.06  0.132362201684    1
227.5198699  67.363103  -1.845  0.111558976582  -247.05  2.3418475848  0.054262295082  0.107218859586    1
227.57059915  67.2284975  -2.44070588235  0.143627616954  -247.857202331  2.55887987797  0.04  0.21    1
227.5899776  67.333779  -2.08369811321  0.120392424314  -249.3  2.34201441624  0.122866242038  0.184927083112    1
227.5065  67.194111  -1.70796551724  0.125432020331  -240.826629571  2.69989174829  -0.43  0.47    1
227.4156667  67.206889  -2.06865882353  0.16893947572  -249.607692308  3.59592935782  0.307424441524  1.12187301211    1
227.5169583  67.196  -2.4936442726  0.399077288623  -247.580610058  6.98640096561  0.7  0.35    1
227.481375  67.221944  -1.7923566879  0.369917015947  -252.175306062  7.33400807904  -0.0  0.48    1
227.4983137  67.3181895  -1.45651685393  0.239690580503  -229.865373609  4.71789376483  -0.54  0.42    1
227.56178525  67.3577675  -1.51567567568  0.318209531219  -250.2245196  9.90898757157  -0.06  0.58    1
227.59340805  67.3653855  -2.7  0.96  -243.89173523  11.7771451582  -99.0  -99.0    1
227.59715915  67.2976645  -2.08  0.29  -236.808129144  5.00065775755  0.53  0.32    1
227.02831885  67.0529365  -2.34913793103  0.130574775881  -247.308679245  2.40009085245  -0.144458438287  0.560653363211    1
226.95209  67.2178395  -2.125  0.11155562807  -252.8  2.20041443797  0.145390334572  0.177633562717    1
227.04842015  67.057081  -1.71191082803  0.20866857218  -241.295121951  3.03168871028  -0.446282568807  1.88963034442    1
226.9499998  67.246652  -2.20470588235  0.141348559274  -252.241447964  2.42519729519  0.0451849405548  0.292109313319    1
227.1836937  67.0497235  -2.10358078603  0.177444127209  -239.505857988  3.22694775617  0.1  0.21    1
227.14058245  67.0380215  -2.84  0.35  -255.008765288  5.03699168045  0.45  0.52    1
227.14800305  67.0806015  -2.42322620266  0.622457374189  -246.546999449  6.44694026816  -99.0  -99.0    1
227.0741536  67.041049  -1.63  0.27  -236.234618283  19.0204015822  -99.0  -99.0    1
227.312  67.295778  -2.14  0.111528456329  -252.4  2.20041457624  -0.0802762430939  0.097532600471    1
227.2832917  67.231583  -2.36  0.125675285414  -248.75  2.34183627098  0.255431906615  0.320156490046    1
227.308625  67.188417  -2.392  0.159191431306  -247.393574661  2.42525238318  0.0322599305823  0.252935598641    1
227.3010833  67.224333  -3.06833117723  0.231301211436  -254.65  2.48325891507  0.45  0.32    1
227.1400625  67.207861  -1.94680511182  0.133362283061  -256.365278934  2.56192037502  -0.169836065574  0.743007783633    1
227.2899167  67.257361  -2.20534441805  0.161521787207  -239.299219304  2.87026598211  -0.0448322147651  0.229891785473    1
227.3539167  67.278778  -1.82572052402  0.176666217218  -250.255491931  3.62693566268  0.120639625585  0.300437045894    1
227.20554165  67.211806  -2.81071536524  0.40141809482  -251.35  5.02994366161  -99.0  -99.0    1
227.34  67.255833  -1.16384615385  0.252125550042  -247.703451777  11.6592695211  -0.319322812052  0.796956837253    1
227.365125  67.267694  -2.36631168584  0.873598911764  -238.661142608  13.4477404341  -99.0  -99.0    1
227.2187083  67.322917  -1.97527725183  0.53768660478  -250.149972107  17.2454846421  -99.0  -99.0    1
227.57729835  67.2919205  -2.13345011424  0.32519304069  -240.894290375  4.04415861678  0.41  0.42    1
227.6245421  67.2844435  -1.93987775061  0.258158451316  -259.853793103  4.21094450641  0.03  0.38    1
227.6157567  67.3295245  -1.58706303725  0.20303924937  -245.649180328  3.05648177426  0.143968012186  0.25331786573    1
227.6214938  67.3363655  -3.47  0.91  -263.676887113  11.0855396177  -99.0  -99.0    1
227.6460325  67.3264975  -2.42988235294  0.164473388611  -264.133102253  2.51820273958  0.242289512555  0.73014233324    1
227.6624105  67.3320225  -2.17741797432  0.336924382506  -251.572210953  4.17423945686  0.78  0.38    1
227.711007  67.3127765  -2.30893103448  0.132956825777  -243.251040724  2.42466591597  0.0880530973451  0.56013972817    1
227.75217635  67.3466635  -1.63276649746  0.159095482595  -241.637903757  3.0026560585  0.0242413793103  0.202256310151    1
227.74379715  67.358057  -2.37235294118  0.142032466255  -246.245840555  2.51643654252  0.210103626943  0.611646790318    1
227.7208776  67.3723305  -2.175  0.125715007829  -236.258490566  2.40116488717  0.262635294118  0.282280160824    1
227.7747429  67.378894  -1.86029411765  0.264932949341  -242.059201278  4.86780181274  -0.26  0.38    1
227.83170555  67.3764215  -2.15  0.11153116662  -240.95  2.20041426189  0.005  0.0870948778333    1
227.8725854  67.36178  -2.35433962264  0.120783407954  -247.376561086  2.42501179465  0.133279445727  0.160508218339    1
227.8600332  67.381834  -1.79601945525  0.415667817067  -261.15520362  10.0579347878  -99.0  -99.0    1
227.91229915  67.3669775  -1.179952  0.280637323625  -233.483741712  5.00528955143  -0.43  0.31    1
227.84350585  67.408476  -2.56959016393  0.355649985428  -250.312651576  4.35085861594  0.54  0.31    1
227.89263465  67.3923305  -2.20352941176  0.51184635586  -249.172321244  9.28215590137  0.44730854606  2.75458613354    1
227.8653616  67.4261435  -2.26620689655  0.32370478714  -240.517723052  6.51702533121  -99.0  -99.0    1
227.87871325  67.4231675  -2.21397476341  0.138280821467  -244.399917012  2.60908472666  -0.35  0.22    1
227.98346685  67.3922845  -2.59943396226  0.398483852  -246.098571995  4.11426820291  0.06  0.78    1
227.89821735  67.446526  -1.995  0.139904106743  -237.25  2.48326694436  0.177806361085  0.210575999246    1
227.98140565  67.41923  -1.76804878049  0.143144224596  -250.85  2.20041422781  0.66  0.17    1
227.95800465  67.449329  -2.63624783362  0.29616397509  -242.058800922  2.70141806857  0.600063263041  1.99533960279    1
228.01996945  67.4274975  -2.38725571726  0.175824395421  -254.2  2.7662261652  0.481091743119  0.722134059027    1
228.04450485  67.433892  -2.33109433962  0.120234878852  -246.308679245  2.40009121137  0.254731861199  0.149827445934    1
226.9820372  67.1071905  -2.24  0.125672907247  -245.05  2.34184114485  0.0466615384615  0.260210570098    1
226.95207935  67.0828065  -2.605  0.267114162347  -255.049808917  3.0635186761  0.44  0.41    1
226.8633754  67.04203  -2.30539936102  0.133705709133  -256.65  2.34183987159  0.399931034483  0.272587534345    1
227.6694643  67.28734  -1.90803773585  0.120742234413  -259.3  2.34183607965  0.131150943396  0.258099549231    1
227.6193592  67.279473  -2.22807427056  0.389356904256  -238.867567568  5.15315566371  0.53838630137  0.494399739514    1
227.7184984  67.30141  -2.4718071066  0.597456517979  -269.575090346  5.30979319274  -99.0  -99.0    1
227.7714556  67.310153  -1.67132075472  0.119743716882  -239.7  2.34190778541  -0.105066312997  0.860527531117    1
227.9725858  67.223858  -2.255  0.125677589555  -266.257847976  2.29875306231  0.07  0.193765246167    1
228.0124504  67.20493  -2.45  0.111533153585  -257.416683119  2.29969858342  0.42  0.124238286405    1
227.9350094  67.240175  -1.65543525336  0.595224271436  -253.604166017  7.27277653664  -99.0  -99.0    1
227.9796296  67.227461  -1.5592920354  0.386732753765  -246.080546519  6.8155120555  0.447751048712  1.96378181203    1
227.9384574  67.283937  -1.95867821331  0.27581687592  -244.838213826  4.06183894031  -0.0467830279653  0.2580071366    1
227.853192  67.260744  -2.06975609756  0.149657825017  -236.99237435  2.51088816522  0.227113513514  0.822416915929    1
227.8721563  67.260496  -2.40064356436  0.372326353445  -245.672634368  4.30621346984  0.05  0.74    1
227.9145323  67.252517  -2.10520754717  0.120888172458  -249.02112537  2.29973039386  0.0868453608247  0.1801014674    1
227.8683537  67.245069  -2.26  0.111532289455  -240.3  2.20041617291  0.07  0.0922074370778    1
227.8805545  67.204089  -2.21223529412  0.143891497252  -227.175352697  2.60135693373  0.363353846154  0.2178285919    1
227.8565765  67.205994  -2.20700091158  0.621802252953  -237.287283237  4.70469416001  -99.0  -99.0    1
227.8653029  67.398004  -2.135  0.16858786254  -239.6  2.61252388081  0.107861881188  262.912998061    1
227.9180094  67.29456  -2.01195121951  0.149794357764  -237.414864865  2.70811058113  0.258711595639  0.714887570441    1
227.9251975  67.302209  -1.64  0.23  -245.052929421  9.95627062295  -99.0  -99.0    1
227.9190813  67.287357  -3.03332307692  0.211886872556  -240.55  2.48326107097  0.34  0.36    1
228.0054057  67.236061  -1.87  0.140517240641  -243.590840966  2.56004716667  -0.0527891891892  0.794452977561    1
227.8739902  67.236768  -1.68  0.26  -243.401897611  7.65920193575  -99.0  -99.0    1
227.9968189  67.242273  -2.41250309023  0.356207803123  -231.367142042  3.33959681465  0.157299270073  1.68190481214    1
226.86696  67.111154  -1.91  0.47  -246.94  6.97267913579  0.24  0.77    1
226.8089787  67.11869  -1.73  0.125749383984  -248.428439662  2.70005020527  0.17  0.191057430913    1
226.7960734  67.127775  -1.54283018868  0.120274735777  -251.294920899  2.5601327769  -0.214511434511  0.209297185076    1
226.8270301  67.120558  -2.22  0.5  -229.810418709  11.1031006036  -99.0  -99.0    1
226.8556801  67.112868  -2.21  0.44  -251.440113888  4.74442244841  -99.0  -99.0    1
226.8545517  67.353993  -1.72521917808  0.488685810208  -265.497998937  20.1977304135  -99.0  -99.0    1
226.9358653  67.356206  -3.84333230465  1.25034453888  -254.067740451  3.87466189496  -99.0  -99.0    1
226.9030978  67.337377  -1.80369863014  0.148013919549  -252.843401015  3.09281104381  -0.15  0.305484904555    1
226.5320983  67.155618  -3.402  0.493365600354  -241.491232877  2.91528388711  0.33  0.96    1
226.4605172  67.148083  -2.81  0.408844026506  -241.7  3.4753552157  0.36  0.912901779453    1
226.5232913  67.177304  -2.45439086294  0.154246112589  -248.430859729  2.42368938443  0.0773162090345  0.968044387975    1
226.4444185  67.196783  -1.42337931034  0.129557815809  -247.738019169  2.64737147981  -0.33  0.311926118462    1
226.4206434  67.224224  -1.66908379013  0.416914478907  -265.996616144  4.43517644019  -0.06  0.51    1
226.0318881  67.289916  -1.88645074741  0.385124734709  -254.732  4.15667468548  0.08  0.37    1
226.8355818  67.079979  -1.93482191781  0.146960944648  -258.643401015  3.09285468906  -0.0807235338919  0.670176630821    1
226.8299417  67.076751  -1.96  0.210784229149  -249.2  3.75604950827  0.18  0.430931264656    1
226.7990252  67.082303  -1.80215925191  0.517750408541  -238.613492452  14.554825989  -99.0  -99.0    1
227.5200429  67.3476423333  -2.39404086266  0.213505643734  -258.248898409  2.70278810973  0.146517580281  0.452276027217    1
227.5340914  67.32368  -2.22744677592  0.195665771751  -239.375435638  2.70457276888  0.15510767341  0.0868449956496    1
227.6167981  67.369545  -2.66713780919  0.40897424377  -238.940557049  3.80464348961  0.276747321421  1.10200849077    1
227.517421333  67.3510716667  -2.10434155343  0.39469925613  -240.091726942  4.61312976029  0.445673561356  2.7234922681    1
227.565515033  67.2891013333  -1.74362989324  0.568058647113  -243.880602168  13.2198901564  0.424120896717  1.48635544383    1
227.717666967  67.3159196667  -1.99872246696  0.207191370844  -244.574941132  4.03014339817  0.106049910861  0.406638092623    1
228.0016723  67.221581  -2.21736936578  0.254279892137  -248.208379401  3.60357224293  0.0773730272597  0.210255322822    1
227.9212018  67.256145  -2.18432005975  0.177983850973  -232.924789207  2.69728927783  0.195453658537  0.424172239963    1
227.9901372  67.248705  -2.09382906141  0.9458482807  -243.142346755  8.15593884507  0.301863201558  0.534219734037    1
227.5425  67.177111  -2.74  0.22  -230.2  2.2  0.68  0.11    1
227.5377917  67.214472  -2.1  0.11  -232.6  2.2  0.03  0.09    1
227.373875  67.216222  -2.05  0.25  -247.4  2.2  0.6  0.14    1
227.5295417  67.381472  -2.93  0.12  -237.6  2.2  0.15  0.19    1
227.4897917  67.157694  -3.37  0.44  -242.2  2.3  -99.0  -99.0    1
227.4510833  67.338361  -1.81  0.11  -239.5  2.2  -0.1  0.12    1
227.4366667  67.152861  -1.9  0.12  -248.0  2.7  -0.37  0.36    1
227.5364167  67.310583  -2.0  0.11  -244.7  2.2  0.09  0.12    1
227.454  67.252306  -2.14  0.12  -235.4  2.3  -0.05  0.18    1
227.555  67.387917  -2.29  0.11  -238.4  2.3  0.12  0.15    1
227.480125  67.360333  -2.22  0.12  -242.4  2.3  0.27  0.15    1
227.5527917  67.378389  -1.83  0.12  -244.1  2.3  -0.36  0.23    1
227.5841667  67.369417  -2.39  0.13  -243.6  2.4  -0.32  0.35    1
227.5414167  67.222528  -1.95  0.13  -241.1  2.4  -0.02  0.2    1
227.582875  67.263611  -2.31  0.14  -224.1  2.5  0.1  0.27    1
227.4685833  67.231917  -1.99  0.14  -235.5  2.5  -0.41  0.41    1
227.6211667  67.376861  -2.27  0.15  -243.2  2.6  0.53  0.2    1
227.4735  67.368  -2.51  0.26  -241.2  2.7  -99.0  -99.0    1
227.4600417  67.349611  -1.91  0.18  -235.5  3.1  -0.16  0.55    1
227.4715417  67.302417  -3.57  0.57  -238.2  3.0  -99.0  -99.0    1
227.4615  67.339  -2.64  0.38  -236.8  3.1  -99.0  -99.0    1
227.4579583  67.161361  -2.77  0.8  -264.0  4.3  -99.0  -99.0    1
227.5595  67.326861  -1.85  0.15  -250.2  2.7  0.59  0.2    1
227.5235833  67.2365  -2.07  0.2  -235.8  3.0  0.43  0.28    1
227.5187083  67.276306  -1.69  0.16  -245.9  2.8  -99.0  -99.0    1
227.5405  67.401583  -2.39  0.36  -243.0  2.5  -99.0  -99.0    1
227.4699583  67.316417  -2.32  0.36  -248.3  3.7  0.59  0.61    1
227.43925  67.222917  -2.05  0.29  -238.3  4.0  -99.0  -99.0    1
227.4957917  67.297194  -1.9  0.31  -228.0  3.9  0.25  0.7    1
227.4834167  67.288944  -2.28  0.37  -239.0  5.0  0.77  0.5    1
227.5093333  67.240222  -2.33  0.46  -232.2  18.1  -99.0  -99.0    1
227.4507083  67.336333  -1.86  0.35  -261.2  4.4  -99.0  -99.0    1
227.4901667  67.380333  -2.27  0.38  -240.1  4.7  -99.0  -99.0    1
227.5465  67.270667  -3.0  0.66  -237.8  3.9  -99.0  -99.0    1
227.5275417  67.265778  -1.53  0.21  -241.9  4.6  0.49  0.31    1
227.5760417  67.248  -3.11  0.68  -244.3  4.6  -99.0  -99.0    1
227.5970833  67.321833  -2.36  0.43  -225.9  7.7  0.39  0.75    1
227.474625  67.263056  -1.96  0.63  -228.7  18.3  -99.0  -99.0    1
227.53775  67.254472  -1.88  0.38  -226.8  9.0  0.77  0.53    1
227.5516667  67.275667  -1.45  0.33  -236.1  8.4  -0.33  0.99    1
227.03775  67.156  -2.07  0.11  -246.1  2.2  0.17  0.16    1
227.1436667  67.176194  -2.2  0.11  -244.0  2.2  0.04  0.09    1
226.962  67.186917  -2.43  0.11  -246.1  2.2  0.08  0.17    1
227.0437917  67.285306  -2.18  0.11  -257.0  2.3  0.04  0.12    1
227.0646667  67.197639  -2.49  0.11  -257.3  2.2  0.34  0.14    1
227.08  67.114417  -2.49  0.11  -229.1  2.2  -0.0  0.19    1
227.1017917  67.095639  -2.53  0.11  -241.2  2.2  0.12  0.17    1
227.0876667  67.130667  -2.1  0.11  -240.4  2.3  -0.24  0.29    1
227.0719167  67.139333  -2.14  0.12  -247.8  2.3  0.14  0.18    1
227.1172083  67.171917  -2.33  0.12  -238.0  2.3  -0.18  0.21    1
227.1287083  67.183  -1.91  0.11  -245.7  2.3  0.27  0.13    1
227.1196667  67.104889  -2.23  0.12  -247.3  2.3  0.01  0.22    1
226.9990417  67.194833  -2.36  0.13  -258.1  2.3  0.35  0.21    1
227.0997917  67.251833  -2.85  0.15  -231.6  2.4  -0.12  0.43    1
227.0120833  67.083778  -2.37  0.17  -265.7  2.7  0.22  0.37    1
227.0516667  67.140528  -1.78  0.13  -245.3  2.6  -0.17  0.27    1
227.0097083  67.077194  -2.84  0.57  -269.3  4.0  -99.0  -99.0    1
227.0345417  67.078056  -2.02  0.16  -261.1  2.8  -0.17  0.47    1
227.1059167  67.036222  -1.75  0.14  -244.5  2.8  -0.06  0.27    1
227.0516667  67.102861  -1.98  0.13  -247.7  2.4  0.24  0.2    1
227.0856667  67.261583  -1.98  0.12  -240.6  2.4  0.06  0.18    1
227.1614167  67.128028  -2.08  0.13  -247.3  2.5  0.01  0.24    1
227.2125417  67.073833  -2.77  0.29  -231.4  3.0  -99.0  -99.0    1
227.0718333  67.202972  -2.08  0.17  -242.6  2.6  0.31  0.27    1
226.985  67.274889  -2.26  0.18  -248.0  3.2  0.41  0.28    1
226.9813333  67.191722  -2.78  0.25  -243.2  2.6  -99.0  -99.0    1
227.1195833  67.175333  -1.73  0.13  -247.5  2.9  -99.0  -99.0    1
227.1514167  67.150944  -1.79  0.16  -251.4  3.0  -0.05  0.34    1
227.080625  67.281944  -2.18  0.21  -239.1  3.4  0.29  0.38    1
227.0341667  67.112167  -2.3  0.21  -238.7  2.9  -0.19  0.69    1
227.085375  67.068194  -2.96  0.59  -258.7  4.3  -99.0  -99.0    1
227.1092083  67.165083  -2.3  0.2  -243.5  3.3  0.69  0.27    1
227.1130417  67.095361  -2.73  0.57  -228.8  3.2  -99.0  -99.0    1
227.0767083  67.111389  -2.12  0.21  -250.6  3.8  -0.23  0.82    1
227.0094583  67.199861  -3.04  0.58  -242.7  4.1  -99.0  -99.0    1
227.0574167  67.18175  -2.2  0.31  -243.4  3.8  0.23  0.7    1
227.015375  67.237917  -2.7  0.59  -260.9  5.0  -99.0  -99.0    1
227.0976667  67.216972  -2.29  0.37  -247.9  4.2  -99.0  -99.0    1
227.0502917  67.170972  -1.85  0.33  -243.1  4.7  -99.0  -99.0    1
227.0702917  67.255194  -1.83  0.25  -252.0  7.7  -0.59  0.95    1
227.0601667  67.186472  -2.01  0.29  -239.2  5.9  0.63  0.44    1
227.1246667  67.111389  -2.07  0.35  -233.1  8.7  -99.0  -99.0    1
227.1225417  67.17925  -2.05  0.39  -239.8  5.2  -99.0  -99.0    1
227.2175417  67.212944  -2.24  0.11  -244.9  2.2  0.13  0.09    1
227.1762917  67.220278  -1.92  0.11  -244.3  2.2  0.06  0.09    1
227.2846667  67.352917  -2.34  0.11  -248.8  2.2  0.21  0.11    1
227.2769167  67.285306  -2.08  0.11  -246.9  2.2  -0.12  0.12    1
227.4137083  67.356333  -2.07  0.11  -251.6  2.2  -0.07  0.12    1
227.2334583  67.212889  -2.52  0.12  -251.6  2.2  0.25  0.15    1
227.2735417  67.270722  -2.46  0.12  -268.1  2.3  0.12  0.18    1
227.154125  67.211139  -2.16  0.11  -245.8  2.2  0.08  0.12    1
227.3032917  67.269  -1.75  0.11  -256.0  2.3  -0.16  0.13    1
227.222  67.297833  -2.47  0.14  -250.7  2.3  0.03  0.3    1
227.2151667  67.247806  -1.87  0.11  -242.4  2.4  -0.03  0.16    1
227.16  67.208556  -2.27  0.13  -238.2  2.4  -0.43  0.4    1
227.2509167  67.227556  -2.18  0.13  -247.2  2.3  -0.09  0.28    1
227.3882917  67.375639  -1.74  0.12  -251.5  2.4  -0.41  0.23    1
227.21425  67.31275  -2.3  0.13  -258.7  2.4  0.02  0.27    1
227.3213333  67.3355  -2.25  0.13  -258.7  2.4  0.12  0.21    1
227.3790833  67.301722  -2.04  0.12  -258.0  2.4  0.4  0.14    1
227.315875  67.261917  -2.33  0.13  -240.4  2.5  0.56  0.16    1
227.3049167  67.341167  -1.73  0.12  -254.2  2.4  0.1  0.15    1
227.2920833  67.201556  -2.15  0.13  -251.9  2.4  0.35  0.16    1
227.3865833  67.370389  -3.3  0.45  -251.0  2.8  -99.0  -99.0    1
227.2869583  67.35575  -2.58  0.22  -234.8  2.5  0.11  0.58    1
227.289625  67.326944  -2.97  0.31  -253.7  2.6  -99.0  -99.0    1
227.2259167  67.192917  -2.15  0.22  -235.7  2.8  0.41  0.33    1
227.2893333  67.25475  -2.46  0.31  -243.4  4.0  -99.0  -99.0    1
227.3394167  67.2335  -1.96  0.17  -246.8  3.4  0.47  0.25    1
227.2697917  67.243806  -2.23  0.22  -253.5  3.2  0.39  0.38    1
227.1532917  67.19475  -2.78  0.3  -242.5  3.1  -99.0  -99.0    1
227.2074583  67.331167  -2.12  0.28  -244.3  3.4  -99.0  -99.0    1
227.286625  67.188056  -1.57  0.15  -255.2  3.3  0.31  0.23    1
227.229125  67.218528  -1.72  0.17  -238.9  3.2  -0.21  0.47    1
227.2549583  67.309889  -2.55  0.38  -227.6  4.3  -99.0  -99.0    1
227.1869167  67.209694  -2.09  0.23  -240.3  3.6  -99.0  -99.0    1
227.286  67.300778  -2.04  0.26  -241.1  3.8  -99.0  -99.0    1
227.2066667  67.176333  -2.16  0.35  -266.4  5.5  0.59  0.59    1
227.39225  67.298917  -2.01  0.35  -243.4  5.9  -99.0  -99.0    1
227.257625  67.327389  -1.65  0.31  -237.0  7.9  -99.0  -99.0    1
227.3809583  67.361417  -1.63  0.3  -249.6  4.7  -99.0  -99.0    1
227.1844583  67.204611  -2.69  0.86  -255.7  8.9  -99.0  -99.0    1
227.2459583  67.284056  -2.23  0.57  -241.8  6.9  -99.0  -99.0    1
227.357625  67.265556  -1.86  0.5  -221.8  15.7  0.39  0.75    1
227.2023333  67.156  -1.47  0.51  -278.0  16.1  -99.0  -99.0    1
227.22425  67.220722  -2.3  0.48  -238.5  7.5  -99.0  -99.0    1
227.3064583  67.365889  -2.82  0.12  -260.4  2.3  0.75  0.13    1
227.3680833  67.348778  -1.92  0.24  -224.9  3.6  0.31  0.4    1
227.231125  67.254444  -2.31  0.11  -249.8  2.2  0.77  0.12    1
227.10825  67.290083  -1.98  0.11  -250.8  2.2  0.11  0.11    1
227.18625  67.334111  -2.4  0.11  -230.3  2.3  0.29  0.13    1
227.0953333  67.343306  -2.37  0.12  -250.8  2.3  0.25  0.15    1
227.178625  67.319889  -2.41  0.11  -240.4  2.3  0.25  0.14    1
227.1507917  67.283111  -2.4  0.12  -264.9  2.3  0.5  0.16    1
227.3069167  67.26975  -1.76  0.11  -250.7  2.2  -0.09  0.11    1
227.22575  67.277417  -1.84  0.12  -250.2  2.3  -0.0  0.15    1
227.3982083  67.231278  -1.66  0.11  -232.9  2.3  -0.29  0.15    1
227.1186667  67.359667  -2.11  0.12  -234.6  2.3  0.06  0.19    1
227.2935833  67.242139  -1.95  0.12  -246.7  2.3  0.06  0.16    1
227.098875  67.306111  -1.86  0.11  -238.0  2.3  0.05  0.15    1
227.5071667  67.202528  -2.34  0.12  -251.3  2.9  0.3  0.2    1
227.069375  67.3205  -2.05  0.15  -242.1  2.4  0.45  0.18    1
227.4756667  67.204778  -2.8  0.18  -241.9  2.8  0.02  0.98    1
227.3321667  67.248833  -2.17  0.13  -258.2  2.4  0.16  0.2    1
227.3935833  67.26575  -2.4  0.14  -249.3  2.4  -0.17  0.38    1
227.5133333  67.201444  -2.6  0.15  -240.5  6.3  -99.0  -99.0    1
227.3404583  67.197694  -2.51  0.19  -232.9  2.6  0.1  0.43    1
227.12925  67.321417  -2.39  0.15  -244.5  2.5  0.24  0.28    1
227.3326667  67.238556  -2.28  0.17  -243.5  3.0  0.01  0.44    1
227.358875  67.221944  -2.36  0.19  -249.0  2.5  0.43  0.33    1
227.2167917  67.275667  -2.26  0.2  -246.7  2.8  -0.36  0.87    1
227.2699583  67.306583  -2.26  0.19  -248.4  3.1  -0.29  0.5    1
227.300625  67.254333  -2.17  0.21  -243.0  3.9  0.61  0.27    1
227.0215417  67.345583  -1.72  0.26  -262.2  3.8  -99.0  -99.0    1
227.2952083  67.225861  -2.36  0.49  -238.7  7.5  0.78  0.52    1
227.2741667  67.312  -2.33  0.26  -235.5  4.1  -99.0  -99.0    1
227.3899583  67.232194  -2.29  0.24  -256.3  4.9  -0.22  0.87    1
227.0335833  67.301361  -1.76  0.27  -237.0  4.4  -99.0  -99.0    1
227.4140417  67.255861  -2.55  0.28  -254.7  3.4  -99.0  -99.0    1
227.4969583  67.204722  -1.15  0.26  -240.1  9.7  -99.0  -99.0    1
227.1707083  67.348222  -3.2  0.85  -230.0  13.3  -99.0  -99.0    1
227.3493333  67.225528  -2.23  0.36  -240.2  4.1  0.08  0.99    1
227.18675  67.272194  -2.5  0.46  -248.2  17.6  -99.0  -99.0    1
227.16625  67.286917  -1.93  0.36  -249.3  4.6  -0.0  0.87    1
227.126125  67.335222  -1.79  0.29  -248.3  6.5  0.43  0.5    1
227.348125  67.198917  -2.19  0.56  -251.0  4.5  -99.0  -99.0    1
227.076625  67.349639  -1.2  0.32  -227.2  5.6  0.57  0.49    1
227.051  67.346361  -1.05  0.42  -247.9  19.8  -99.0  -99.0    1
227.5004167  67.300917  -0.88  0.35  -250.5  4.4  -0.19  0.73    1
227.545  67.286667  -2.56  0.77  -256.3  4.8  -99.0  -99.0    1
227.5716667  67.291833  -2.24  0.59  -241.4  11.7  -99.0  -99.0    1
227.521375  67.314111  -2.14  0.2  -250.4  2.8  -99.0  -99.0    1
227.5518333  67.336139  -1.4  0.24  -243.0  3.0  -99.0  -99.0    1
227.5735417  67.337639  -2.4  0.11  -251.4  2.2  0.19  0.14    1
227.6315417  67.3185  -1.08  0.11  -241.9  2.2  -0.74  0.14    1
227.6660417  67.319222  -1.42  0.37  -249.2  5.4  0.63  0.45    1
227.6500417  67.345889  -2.2  0.36  -244.4  5.6  -99.0  -99.0    1
227.6946667  67.344944  -2.33  0.22  -247.3  3.3  -99.0  -99.0    1
227.6658333  67.362444  -2.32  0.3  -249.1  4.4  0.48  0.5    1
227.7197083  67.343167  -2.26  0.19  -251.0  3.0  -99.0  -99.0    1
227.6817917  67.360028  -2.61  0.62  -249.2  9.8  -99.0  -99.0    1
227.7105  67.353278  -1.63  0.2  -246.3  4.6  -0.2  0.5    1
227.673125  67.370222  -3.16  0.5  -238.6  2.8  -99.0  -99.0    1
227.7104167  67.355389  -1.85  0.25  -255.9  3.2  0.24  0.43    1
227.6931667  67.379639  -2.61  0.34  -245.6  3.4  0.39  0.6    1
227.755375  67.371778  -2.06  0.24  -254.4  3.6  0.39  0.36    1
227.7382083  67.384389  -2.17  0.4  -254.9  6.1  -99.0  -99.0    1
227.7626667  67.380472  -1.96  0.12  -254.7  2.3  0.23  0.16    1
227.7760417  67.37575  -1.67  0.12  -248.1  2.5  0.04  0.18    1
227.7743333  67.398639  -1.43  0.32  -242.9  19.7  -99.0  -99.0    1
227.7991667  67.401639  -2.9  0.5  -239.5  3.8  -99.0  -99.0    1
227.8245417  67.39325  -2.27  0.26  -252.7  3.2  0.04  0.62    1
227.8250417  67.397194  -2.61  0.29  -250.9  2.9  0.14  0.72    1
227.9103333  67.365667  -2.97  0.25  -252.4  3.0  -99.0  -99.0    1
227.9234583  67.370778  -2.89  0.53  -229.3  9.0  0.75  0.79    1
227.8709583  67.409194  -2.56  0.18  -229.4  2.8  -0.11  0.58    1
227.835625  67.437306  -2.12  0.22  -245.3  3.2  0.1  0.49    1
227.9265833  67.415611  -1.23  0.44  -248.4  5.7  -99.0  -99.0    1
227.8561667  67.449278  -2.4  0.13  -247.6  2.3  0.01  0.24    1
227.9537917  67.428278  -3.38  0.11  -260.7  2.2  -99.0  -99.0    1
227.9632083  67.449972  -1.65  0.16  -251.8  3.1  -99.0  -99.0    1
228.0134583  67.43375  -2.27  0.34  -255.7  3.6  -99.0  -99.0    1
228.0767083  67.426278  -2.56  0.12  -238.4  2.3  0.51  0.12    1
228.0624583  67.449333  -2.24  0.14  -254.3  2.3  0.43  0.18    1
228.0857917  67.446917  -2.38  0.23  -249.0  4.4  0.71  0.26    1
228.0332083  67.488361  -2.48  0.23  -252.4  2.6  0.63  0.52    1
228.1102917  67.457361  -2.34  0.2  -251.5  2.5  0.01  0.48    1
228.067375  67.483694  -2.08  0.17  -267.0  2.7  0.66  0.19    1
228.1204583  67.512861  -2.39  0.11  -258.4  2.2  0.29  0.1    1
228.19275  67.511611  -2.28  0.12  -247.7  2.3  -0.06  0.24    1
228.2874583  67.487583  -1.59  0.27  -247.2  11.4  -0.19  0.59    1
228.2934167  67.500278  -2.18  0.12  -267.3  2.4  0.39  0.14    1
228.2679583  67.528222  -3.1  0.18  -255.9  2.3  0.54  0.32    1
228.2757917  67.526861  -2.64  0.25  -253.7  2.4  0.76  0.24    1
228.332125  67.534528  -2.14  0.12  -250.6  2.3  -0.04  0.18    1
228.301375  67.555722  -2.29  0.11  -244.3  2.2  0.01  0.09    1
228.3900417  67.53175  -2.16  0.13  -252.8  2.4  -0.06  0.23    1
228.3515417  67.5585  -2.28  0.19  -252.7  3.0  -99.0  -99.0    1
228.6422917  67.67225  -3.33  0.35  -258.5  2.8  -99.0  -99.0    1
228.8585417  67.709917  -1.96  0.36  -230.5  7.3  -99.0  -99.0    1
228.9518333  67.743444  -2.47  0.14  -264.8  2.5  0.68  0.17    1
227.389375  67.155389  -2.8  0.24  -240.6  3.0  0.73  0.3    1
227.476  67.182667  -2.54  0.26  -237.8  10.0  -99.0  -99.0    1
227.4574583  67.161361  -2.19  0.19  -259.7  3.6  0.34  0.36    1
227.436125  67.152833  -2.14  0.11  -249.2  2.2  0.16  0.11    1
227.4807917  67.160667  -1.15  0.2  -242.6  4.5  -99.0  -99.0    1
227.4894583  67.157639  -3.04  0.13  -248.4  2.2  0.17  0.24    1
227.4073333  67.128889  -2.45  0.4  -257.9  5.6  -99.0  -99.0    1
227.4547083  67.138194  -2.23  0.11  -240.3  2.2  0.17  0.12    1
227.51375  67.153639  -1.97  0.24  -231.6  10.8  -99.0  -99.0    1
227.473375  67.127778  -1.94  0.11  -245.7  2.2  -0.03  0.11    1
227.4028333  67.110028  -2.34  0.17  -248.4  2.5  -99.0  -99.0    1
227.5486667  67.141361  -3.27  0.11  -243.6  2.2  0.26  0.12    1
227.4250833  67.085528  -2.55  0.13  -248.4  2.3  0.19  0.22    1
227.538125  67.110056  -2.36  0.15  -241.1  2.5  0.01  0.36    1
227.5567917  67.104722  -2.52  0.11  -253.5  2.2  0.09  0.12    1
227.604  67.111722  -2.7  0.12  -235.3  2.3  0.63  0.15    1
227.5809167  67.092361  -2.42  0.11  -242.9  2.2  0.2  0.1    1
227.6540833  67.078972  -2.16  0.29  -240.3  3.8  -99.0  -99.0    1
227.637125  67.057083  -1.97  0.35  -244.3  3.9  -99.0  -99.0    1
227.67925  67.063139  -2.9  0.11  -233.4  2.2  0.42  0.1    1
227.6269583  67.037889  -3.19  0.57  -243.1  3.8  -99.0  -99.0    1
227.7173333  67.053833  -2.81  0.14  -240.0  2.3  -0.04  0.3    1
227.7372083  67.035333  -2.6  0.15  -248.6  2.3  0.49  0.2    1
227.7315  67.024917  -1.51  0.21  -245.2  4.2  -0.01  0.38    1
227.7057917  66.954417  -1.68  0.65  -267.5  17.5  -99.0  -99.0    1
227.680625  66.906056  -2.11  0.17  -248.6  2.8  0.69  0.22    1
227.7994583  66.912361  -1.97  0.19  -258.5  3.3  0.09  0.4    1
227.7964167  66.9065  -2.82  0.11  -230.0  2.2  0.4  0.13    1
227.8467083  66.916806  -1.71  0.33  -254.9  4.0  -99.0  -99.0    1
227.7537083  66.8845  -2.67  0.11  -259.4  2.2  0.09  0.09    1
227.8630417  66.895917  -2.88  0.49  -244.9  3.3  -99.0  -99.0    1
227.9744583  66.831111  -2.58  0.11  -254.8  2.2  0.18  0.11    1
228.311625  66.688972  -1.73  0.23  -270.1  3.5  -99.0  -99.0    1
228.334  66.682972  -1.46  0.15  -249.4  3.1  0.52  0.17    1
228.3599583  66.668583  -2.14  0.14  -223.6  2.7  0.56  0.22    1
228.250125  67.301111  -2.24  0.15  -266.5  2.4  0.6  0.17    1
228.2821667  67.167194  -3.16  0.19  -248.9  2.6  0.33  0.34    1
228.3099167  67.160667  -2.12  0.28  -264.9  4.7  -99.0  -99.0    1
228.3587083  67.272944  -3.3  0.11  -249.5  2.2  -99.0  -99.0    1
228.3170417  67.087667  -1.29  0.33  -238.5  4.3  -99.0  -99.0    1
228.3557083  67.133139  -2.74  0.2  -234.4  2.7  0.56  0.3    1
228.3761667  67.110222  -2.76  0.11  -228.7  2.2  0.14  0.09    1
228.398  67.304389  -2.34  0.12  -257.7  2.3  0.42  0.16    1
228.417375  67.165222  -2.1  0.17  -260.6  2.7  0.3  0.32    1
228.3709583  67.079667  -2.44  0.2  -244.6  2.9  0.47  0.34    1
227.7657917  67.54625  -1.84  0.26  -245.1  3.3  -99.0  -99.0    1
227.9025833  67.525333  -2.32  0.11  -251.6  2.3  0.49  0.14    1
227.8487917  67.562694  -3.0  0.64  -243.3  6.3  -99.0  -99.0    1
227.8512083  67.563944  -2.15  0.11  -245.1  2.2  0.02  0.09    1
227.9687917  67.565417  -2.33  0.13  -243.8  2.3  0.29  0.18    1
227.994125  67.570028  -2.43  0.15  -253.8  2.4  -0.09  0.35    1
228.0146667  67.567056  -2.13  0.14  -255.6  2.3  -0.37  0.41    1
227.9704167  67.603083  -2.65  0.13  -265.2  2.3  -99.0  -99.0    1
227.9660417  67.615167  -3.14  0.37  -243.7  2.8  -99.0  -99.0    1
227.9865833  67.611472  -2.54  0.16  -245.4  2.5  0.33  0.29    1
228.023875  67.631806  -2.3  0.82  -251.0  15.0  -99.0  -99.0    1
228.0965833  67.643667  -3.37  0.17  -255.9  2.3  -99.0  -99.0    1
228.150375  67.648972  -1.33  0.24  -244.3  4.3  0.17  0.52    1
228.2003333  67.720917  -1.47  0.15  -239.3  3.6  0.09  0.32    1
227.1896667  67.216694  -2.39  0.14  -247.8  3.1  -0.14  0.33    1
227.1853333  67.211083  -2.11  0.12  -250.6  2.4  0.38  0.15    1
227.1884167  67.194083  -1.63  0.11  -234.4  2.3  -0.41  0.14    1
227.1784167  67.247389  -1.55  0.37  -247.8  19.3  -99.0  -99.0    1
227.1474167  67.212611  -2.11  0.14  -249.3  2.7  0.27  0.19    1
227.1095417  67.214722  -2.23  0.26  -235.7  3.5  -99.0  -99.0    1
227.11475  67.245444  -2.22  0.18  -251.5  2.6  0.1  0.39    1
227.1053333  67.236333  -2.09  0.24  -248.7  3.6  0.16  0.58    1
227.1030833  67.193111  -1.84  0.12  -255.4  2.3  0.12  0.15    1
227.1208333  67.174139  -2.26  0.11  -244.9  2.2  0.17  0.11    1
227.1030833  67.182556  -3.39  0.2  -250.8  2.5  0.37  0.48    1
227.1042083  67.25075  -2.87  0.15  -238.6  2.3  -0.08  0.46    1
227.1185833  67.166944  -3.43  0.18  -243.2  2.3  0.24  0.39    1
227.103375  67.166861  -2.14  0.12  -244.3  2.3  0.15  0.16    1
227.088125  67.173278  -1.9  0.57  -266.4  7.6  0.39  0.94    1
227.119125  67.151639  -2.5  0.13  -241.0  2.3  0.27  0.15    1
227.0542083  67.200556  -1.93  0.12  -259.3  2.3  0.21  0.16    1
227.05225  67.232444  -1.91  0.15  -246.2  2.6  -0.12  0.34    1
227.1327083  67.138361  -2.7  0.53  -247.2  3.7  -99.0  -99.0    1
227.0374583  67.195111  -1.84  0.11  -247.0  2.2  -0.03  0.17    1
227.0282917  67.2155  -2.39  0.13  -246.1  2.3  0.31  0.19    1
227.0207917  67.233528  -1.59  0.11  -262.1  2.2  -0.39  0.09    1
227.0174583  67.169917  -1.5  0.33  -249.2  4.6  0.31  0.66    1
227.0609583  67.138972  -1.46  0.22  -252.0  4.8  -0.33  0.66    1
227.040375  67.136528  -2.07  0.12  -254.2  2.3  0.19  0.16    1
227.00925  67.148306  -1.85  0.23  -248.9  3.9  0.68  0.35    1
227.099875  67.108306  -2.0  0.17  -249.9  2.7  0.37  0.27    1
227.0181667  67.129  -2.68  0.43  -240.5  6.2  -99.0  -99.0    1
227.00925  67.128194  -3.11  0.23  -258.1  2.3  -99.0  -99.0    1
227.0335833  67.114583  -2.5  0.25  -242.7  3.1  0.43  0.5    1
227.0101667  67.123139  -2.39  0.13  -241.5  2.3  0.15  0.26    1
227.0181667  67.113972  -2.27  0.11  -246.1  2.2  0.02  0.15    1
226.9730417  67.11075  -2.78  0.22  -251.0  2.6  0.47  0.4    1
226.9625833  67.114806  -2.44  0.48  -245.3  5.5  -99.0  -99.0    1
227.0019583  67.090306  -2.23  0.13  -247.7  2.4  0.24  0.21    1
226.9458333  67.106528  -1.52  0.2  -251.5  3.9  -0.47  0.75    1
226.9812083  67.090917  -1.73  0.12  -250.1  2.3  0.09  0.13    1
226.9980417  67.074111  -2.84  0.17  -236.4  2.4  -99.0  -99.0    1
226.9737083  67.074889  -1.85  0.22  -248.8  4.4  -99.0  -99.0    1
227.0690833  67.048139  -2.52  0.11  -242.7  2.2  0.05  0.15    1
226.9549167  67.047333  -2.94  0.79  -248.4  4.2  -99.0  -99.0    1
226.92775  67.052639  -2.04  0.11  -240.4  2.3  0.26  0.12    1
226.9691667  67.038444  -1.82  0.11  -235.5  2.3  0.11  0.14    1
226.944375  67.038861  -2.03  0.13  -240.6  2.5  0.32  0.18    1
226.8830417  67.037472  -2.27  0.14  -251.5  2.4  0.21  0.25    1
226.961  67.011333  -2.27  0.18  -251.8  2.5  -0.1  0.65    1
227.6189683  67.33396  -1.69  0.36  -226.1  10.4  0.1  0.65    1
227.6198034  67.340072  -2.12  0.11  -247.4  2.3  0.14  0.16    1
227.6345345  67.271197  -1.86  0.15  -246.1  2.7  -0.23  0.41    1
227.6557096  67.262078  -1.67  0.12  -245.2  2.4  0.03  0.2    1
227.6923652  67.278005  -2.38  0.11  -248.8  2.2  0.12  0.1    1
227.6207084  67.237986  -2.03  0.13  -258.4  2.4  -0.42  0.46    1
227.7275478  67.273761  -2.11  0.18  -249.9  2.9  0.21  0.36    1
227.6590885  67.227552  -2.23  0.11  -250.3  2.2  0.13  0.11    1
227.6820448  67.214349  -2.17  0.11  -249.3  2.2  0.09  0.11    1
227.6448916  67.185277  -2.23  0.14  -246.7  2.3  0.42  0.29    1
227.6889013  67.194213  -2.6  0.12  -244.9  2.3  -99.0  -99.0    1
227.7676036  67.219431  -2.37  0.18  -254.4  2.8  0.18  0.34    1
227.7132623  67.174735  -2.44  0.25  -262.0  2.7  -0.02  0.79    1
227.7304597  67.241664  -2.27  0.25  -254.1  3.1  -99.0  -99.0    1
227.7259884  67.197233  -1.24  0.26  -234.4  8.0  -99.0  -99.0    1
227.663614  67.33784  -2.61  0.41  -243.5  3.7  -99.0  -99.0    1
227.6497535  67.187606  -1.47  0.31  -250.7  4.6  -99.0  -99.0    1
227.7648393  67.222758  -1.7  0.21  -254.4  3.5  -0.06  0.53    1
227.709004  67.177636  -2.13  0.68  -266.8  6.1  -99.0  -99.0    1
227.6947426  67.416659  -2.01  0.13  -250.3  2.5  -0.35  0.36    1
227.7345434  67.420587  -2.19  0.13  -267.2  2.6  0.05  0.21    1
227.673113  67.391383  -1.79  0.28  -249.7  7.8  -99.0  -99.0    1
227.7140021  67.399615  -2.33  0.15  -250.7  2.6  -99.0  -99.0    1
227.6349207  67.361745  -2.06  0.12  -244.4  2.4  -0.08  0.25    1
227.7054497  67.386869  -2.02  0.12  -255.2  2.4  0.16  0.17    1
227.6737937  67.364413  -2.53  0.32  -240.5  3.5  0.4  0.51    1
227.7371406  67.321552  -2.27  0.19  -252.9  3.0  0.45  0.3    1
227.7676204  67.319595  -2.22  0.12  -269.1  2.3  -0.22  0.2    1
227.6538334  67.393974  -2.49  0.45  -255.1  5.8  -99.0  -99.0    1
227.6722693  67.359574  -1.75  0.35  -245.9  4.3  0.5  0.44    1
227.7070418  67.428295  -1.58  0.16  -241.1  3.8  -99.0  -99.0    1
227.6349254  67.395586  -2.06  0.29  -229.4  4.0  -99.0  -99.0    1
227.6100071  67.342254  -2.97  0.36  -233.8  2.9  0.6  0.5    1
227.5981422  67.219834  -2.03  0.21  -245.5  3.2  0.38  0.36    1
227.5781801  67.206249  -2.48  0.15  -241.2  2.3  0.34  0.26    1
227.6141374  67.267788  -1.82  0.23  -245.9  3.3  0.0  0.5    1
227.6129253  67.380327  -2.38  0.54  -239.8  3.9  -99.0  -99.0    1
227.610698  67.378617  -1.97  0.22  -237.7  3.7  -99.0  -99.0    1
227.5857657  67.405067  -2.66  0.59  -248.4  5.5  -99.0  -99.0    1
227.6361353  67.323049  -1.26  0.24  -246.4  7.6  -99.0  -99.0    1
227.690727  67.328404  -2.37  0.39  -249.4  4.2  -99.0  -99.0    1
227.5951278  67.20951  -2.41  0.52  -246.9  3.4  -99.0  -99.0    1
227.9802287  67.179879  -2.4  0.13  -253.6  2.4  0.52  0.16    1
227.7605325  67.396258  -2.29  0.15  -256.5  2.5  -0.28  0.55    1
227.7593393  67.35692  -2.25  0.14  -250.1  2.4  0.2  0.23    1
227.7702093  67.348209  -1.16  0.28  -242.3  6.2  0.74  0.48    1
227.8098398  67.328175  -1.89  0.13  -253.5  2.4  0.1  0.21    1
227.9515391  67.327141  -2.23  0.11  -249.3  2.2  0.1  0.09    1
227.9476319  67.357022  -1.82  0.15  -251.4  2.8  -0.02  0.3    1
227.8628973  67.271207  -2.64  0.11  -249.8  2.2  0.02  0.14    1
227.9073585  67.259464  -2.14  0.33  -248.9  4.1  -99.0  -99.0    1
227.8666424  67.225538  -1.87  0.13  -249.0  2.4  -0.03  0.23    1
227.8355164  67.2672  -2.32  0.31  -248.8  3.5  0.66  0.39    1
227.8672126  67.198594  -1.67  0.38  -266.1  11.7  -99.0  -99.0    1
227.8159804  67.39661  -2.46  0.17  -246.4  2.7  -0.12  0.41    1
227.8373155  67.357699  -1.89  0.11  -245.8  2.3  -0.1  0.15    1
227.8567569  67.335477  -1.26  0.26  -255.4  5.7  -0.29  0.66    1
227.8948054  67.344464  -2.18  0.2  -267.6  2.9  0.23  0.35    1
227.9121276  67.337442  -2.23  0.11  -246.2  2.2  0.18  0.09    1
227.8210792  67.392927  -1.68  0.15  -253.7  3.1  -99.0  -99.0    1
227.8243411  67.322289  -1.79  0.11  -249.8  2.2  0.06  0.11    1
227.8252054  67.316364  -2.33  0.19  -245.3  2.7  -99.0  -99.0    1
227.8493972  67.338022  -2.32  0.19  -249.2  3.0  0.23  0.37    1
227.8953534  67.311915  -2.11  0.18  -247.5  3.1  -0.03  0.38    1
227.8772656  67.296367  -2.48  0.73  -240.3  10.4  -99.0  -99.0    1
227.6802228  67.308421  -2.02  0.17  -257.2  3.3  -0.16  0.4    1
227.6994204  67.312824  -1.98  0.24  -227.6  6.3  0.23  0.33    1
227.6738438  67.278252  -2.48  0.5  -235.0  4.6  -99.0  -99.0    1
227.7558094  67.286797  -1.93  0.28  -228.2  5.7  -0.2  0.53    1
227.7588319  67.285706  -1.38  0.15  -263.9  3.1  0.25  0.24    1
227.800297  67.276867  -2.56  0.13  -230.3  2.3  0.1  0.17    1
227.4379078  67.346376  -3.22  0.21  -257.1  2.4  0.65  0.27    1
227.4131622  67.356008  -2.29  0.11  -261.3  2.2  0.22  0.11    1
227.4798465  67.360374  -2.04  0.11  -247.9  2.3  -0.06  0.13    1
227.4330089  67.324526  -1.9  0.11  -250.4  2.3  -0.18  0.13    1
227.4467559  67.307118  -1.69  0.12  -241.4  2.6  0.16  0.14    1
227.503976  67.330916  -2.39  0.15  -243.1  2.6  0.09  0.22    1
227.4458486  67.35964  -2.0  0.17  -249.3  4.2  0.79  0.19    1
227.6363062  67.309369  -1.81  0.28  -226.6  5.3  -0.03  0.57    1
227.6248986  67.276612  -1.25  0.13  -247.8  2.9  -0.49  0.31    1
227.6566693  67.288095  -1.9  0.22  -239.8  3.4  -99.0  -99.0    1
227.6803157  67.278803  -1.97  0.25  -242.5  4.1  -0.4  0.97    1
227.7272434  67.270966  -2.44  0.28  -237.7  3.2  -99.0  -99.0    1
227.4477116  67.343506  -2.25  0.28  -236.4  4.7  -99.0  -99.0    1
227.4382265  67.342281  -2.89  0.45  -234.0  4.4  -99.0  -99.0    1
227.8079313  67.252415  -2.5  0.64  -242.4  6.0  -99.0  -99.0    1
227.7760445  67.309325  -2.11  0.15  -238.5  2.8  0.22  0.23    1
227.8270103  67.280982  -2.75  0.47  -249.5  4.6  -99.0  -99.0    1
227.8886068  67.214599  -2.7  0.65  -239.7  3.8  -99.0  -99.0    1
227.8324899  67.290199  -2.6  0.18  -248.9  2.6  -0.27  0.57    1
227.8213419  67.298605  -2.25  0.13  -237.8  2.3  0.11  0.19    1
227.8656413  67.28688  -2.9  0.59  -243.7  3.8  -99.0  -99.0    1
227.5421722  67.324069  -2.22  0.12  -231.0  2.3  0.24  0.13    1
227.5514023  67.347742  -2.13  0.13  -249.2  2.5  -0.07  0.2    1
227.5555331  67.347401  -1.71  0.12  -243.9  2.9  -0.18  0.19    1
227.5419166  67.310654  -2.32  0.31  -233.2  3.1  0.65  0.32    1
227.5547973  67.315473  -2.26  0.13  -252.0  2.3  0.24  0.16    1
227.5663014  67.310706  -2.37  0.19  -257.3  3.0  0.17  0.34    1
227.5315794  67.327457  -1.63  0.19  -244.7  3.8  -99.0  -99.0    1
227.533845  67.282091  -2.35  0.17  -252.7  2.6  -99.0  -99.0    1
227.58362  67.306838  -3.0  0.7  -247.8  4.6  -99.0  -99.0    1
227.6385959  67.304665  -2.48  0.42  -236.6  3.5  0.45  0.42    1
227.8564944  67.23036  -2.35  0.11  -240.1  2.2  0.06  0.09    1
226.8355838  67.134064  -2.31  0.16  -242.8  2.6  0.74  0.19    1
226.8818571  67.155702  -1.93  0.15  -249.1  2.9  0.14  0.23    1
226.8714815  67.15236  -2.23  0.21  -248.4  3.7  -0.04  0.5    1
226.8966755  67.1612  -1.93  0.14  -252.7  2.6  -0.19  0.24    1
226.8709117  67.14655  -0.29  0.11  -246.2  2.7  -0.77  0.14    1
226.8979414  67.122328  -1.95  0.23  -248.1  3.8  -99.0  -99.0    1
226.8988338  67.137776  -2.74  0.38  -256.8  4.2  -99.0  -99.0    1
226.9474343  67.210015  -2.17  0.16  -244.6  2.9  0.36  0.24    1
226.9306911  67.1731  -2.04  0.3  -262.3  4.9  0.28  0.5    1
226.8869867  67.124017  -1.77  0.11  -248.6  2.3  -0.04  0.14    1
226.8726288  67.183434  -1.52  0.17  -256.4  2.9  -0.32  0.38    1
226.820143  67.126161  -1.91  0.32  -234.3  4.1  0.0  0.8    1
226.8155867  67.148616  -2.08  0.13  -252.5  2.4  0.08  0.2    1
226.9457017  67.136124  -2.35  0.18  -247.5  3.1  0.33  0.27    1
226.9480654  67.131235  -2.42  0.28  -225.0  3.0  0.02  0.5    1
226.8934001  67.158929  -2.13  0.21  -247.1  4.5  0.08  0.39    1
226.9478251  67.144972  -1.99  0.23  -257.0  4.5  0.08  0.48    1
226.9483509  67.11663  -1.53  0.14  -242.7  7.1  -0.15  0.26    1
226.881307  67.341348  -2.91  0.21  -240.7  2.6  0.11  0.44    1
226.8015413  67.339609  -2.14  0.11  -235.7  2.3  0.2  0.13    1
226.9389997  67.262109  -2.19  0.12  -263.9  2.3  0.65  0.12    1
226.917208  67.258554  -2.22  0.11  -239.5  2.3  0.04  0.12    1
226.8601247  67.273693  -2.3  0.11  -245.0  2.2  0.2  0.11    1
226.8483747  67.205693  -1.97  0.11  -254.1  2.3  -0.0  0.14    1
226.843958  67.20022  -2.32  0.11  -262.4  2.2  -0.18  0.13    1
226.8224163  67.214415  -2.36  0.11  -250.8  2.2  0.09  0.11    1
226.9036247  67.249276  -1.85  0.12  -248.7  2.5  0.07  0.24    1
226.874083  67.212248  -2.74  0.23  -245.1  2.6  -99.0  -99.0    1
226.9153437  67.285471  -2.22  0.13  -237.0  2.6  -0.11  0.27    1
226.7909812  67.287674  -2.13  0.17  -264.1  3.1  -0.12  0.54    1
226.8043853  67.279082  -2.57  0.35  -251.9  3.3  -99.0  -99.0    1
226.7548978  67.317146  -1.86  0.28  -243.7  4.5  -99.0  -99.0    1
226.8339978  67.321712  -2.02  0.33  -236.8  12.7  -99.0  -99.0    1
226.8871353  67.33171  -2.11  0.26  -272.0  4.8  -0.0  0.58    1
226.7574978  67.150201  -1.92  0.13  -252.1  2.5  0.21  0.19    1
226.9366312  67.233974  -2.43  0.11  -242.1  2.3  0.33  0.13    1
226.8740228  67.186804  -2.34  0.18  -227.3  3.2  0.15  0.29    1
226.8909478  67.219557  -1.93  0.13  -246.9  2.8  0.06  0.21    1
226.892227  67.189121  -2.38  0.3  -244.2  6.0  0.63  0.36    1
226.8264853  67.19464  -2.27  0.34  -246.1  7.5  0.19  0.74    1
226.8735145  67.203712  -2.15  0.21  -247.3  4.9  0.06  0.39    1
226.9173895  67.231062  -1.87  0.17  -247.9  3.4  0.09  0.32    1
226.819677  67.251324  -2.52  0.39  -265.7  5.0  0.36  0.73    1
226.8934395  67.268121  -2.51  0.35  -253.6  5.0  0.34  0.68    1
226.4895638  67.14234  -2.35  0.13  -261.2  2.3  0.35  0.19    1
226.5851851  67.14204  -2.53  0.15  -231.2  2.5  -0.12  0.31    1
226.5617817  67.131531  -1.86  0.11  -239.5  2.2  0.13  0.11    1
226.497333  67.300609  -2.56  0.11  -249.6  2.2  0.31  0.1    1
226.489458  67.277193  -2.81  0.11  -249.9  2.2  0.07  0.1    1
226.4890413  67.177748  -1.97  0.42  -266.5  13.2  -99.0  -99.0    1
226.5147956  67.3532  -3.12  0.29  -254.7  4.5  -99.0  -99.0    1
226.4599905  67.322255  -2.24  0.19  -255.0  3.7  -0.0  0.37    1
226.4025295  67.343904  -1.94  0.27  -247.8  7.1  -99.0  -99.0    1
226.5375795  67.277473  -2.05  0.23  -249.6  5.5  -99.0  -99.0    1
226.4881179  67.190089  -2.42  0.24  -236.6  4.0  0.42  0.41    1
226.4861332  67.225048  -2.45  0.33  -253.8  5.0  -0.19  0.85    1
226.4606382  67.30441  -3.3  0.58  -246.6  14.2  -99.0  -99.0    1
226.4845993  67.112967  -3.12  0.16  -239.8  2.3  0.71  0.18    1
226.1259831  67.260183  -2.37  0.19  -243.6  2.7  -0.01  0.4    1
226.1879003  67.170615  -2.46  0.19  -230.9  3.4  0.13  0.39    1
226.1249746  67.1201  -2.7  0.55  -262.2  3.7  -99.0  -99.0    1
226.0843205  67.249237  -2.32  0.24  -258.4  3.5  -99.0  -99.0    1
226.0906727  67.205067  -1.9  0.27  -248.5  4.9  0.03  0.63    1
226.2159798  67.229434  -2.5  0.32  -252.8  3.1  -99.0  -99.0    1
226.1644207  67.1755  -3.0  0.68  -243.7  4.5  -99.0  -99.0    1
226.1131272  67.1436  -2.79  0.57  -250.5  4.1  -99.0  -99.0    1
226.1530413  67.314859  -2.47  0.11  -230.5  2.3  0.16  0.11    1
225.8838966  67.176092  -1.2  0.22  -235.6  11.7  -0.26  0.55    1
225.9916279  67.204647  -2.79  0.39  -255.6  4.6  0.49  0.51    1
225.8904488  67.150557  -1.5  0.11  -251.5  2.3  -99.0  -99.0    1
225.9622429  67.162935  -2.78  0.32  -255.1  2.4  -0.1  0.76    1
225.9243358  67.211297  -2.33  0.33  -237.4  3.1  -99.0  -99.0    1
226.0457802  67.213432  -1.55  0.32  -272.6  16.3  0.12  0.67    1
225.991631  67.114159  -2.18  0.26  -246.3  3.3  -99.0  -99.0    1
226.0581117  67.306253  -2.1  0.19  -270.8  5.4  -99.0  -99.0    1
225.8998812  67.263961  -2.48  0.14  -252.2  2.4  -0.07  0.38    1
225.9130736  67.072018  -0.94  0.24  -257.9  10.7  -99.0  -99.0    1
226.8442923  67.040476  -1.33  0.24  -243.9  4.8  0.17  0.43    1
226.6504403  67.072778  -2.23  0.11  -245.0  2.2  0.16  0.11    1
226.6169307  67.052038  -1.73  0.11  -242.6  2.2  0.09  0.09    1
226.6067108  67.046494  -1.99  0.35  -235.8  11.9  -99.0  -99.0    1
226.7759317  67.076516  -2.17  0.45  -229.6  11.8  -99.0  -99.0    1
226.8048172  67.06219  -2.26  0.14  -248.9  2.5  0.14  0.23    1
226.7820825  67.044867  -2.52  0.18  -239.7  2.5  0.2  0.38    1
226.7214015  67.042728  -2.16  0.13  -249.8  2.6  0.22  0.25    1
226.6817267  67.053943  -2.37  0.17  -245.9  2.8  0.08  0.36    1
226.7076893  67.065894  -1.66  0.13  -248.3  2.6  -0.26  0.23    1
226.6613947  67.083261  -2.02  0.4  -256.0  5.0  0.61  0.61    1
226.688476  67.029084  -2.21  0.21  -242.4  3.1  0.78  0.24    1
226.7171875  67.036768  -1.39  0.22  -234.1  4.5  -0.4  0.62    1
226.7716902  67.030174  -1.69  0.12  -254.5  2.3  -0.29  0.22    1
226.8198147  67.051929  -2.21  0.23  -254.0  3.1  -99.0  -99.0    1
226.6709625  67.076385  -2.16  0.24  -253.5  2.8  -0.0  0.54    1
226.6957434  67.09309  -2.11  0.18  -243.2  3.1  -99.0  -99.0    1
226.700861  67.080119  -1.95  0.14  -246.8  2.8  0.36  0.19    1
226.7263593  67.026519  -2.38  0.53  -237.4  4.2  0.7  0.56    1
226.7921608  67.047069  -2.03  0.47  -244.4  5.3  -99.0  -99.0    1
226.8475632  67.0601  -2.54  0.12  -262.6  2.3  0.14  0.21    1
226.4713772  67.094461  -2.2  0.11  -244.3  2.2  0.09  0.12    1
226.2649235  67.046637  -2.65  0.2  -236.5  3.3  -99.0  -99.0    1
226.3318464  67.041394  -2.45  0.25  -253.7  2.9  0.3  0.41    1
226.3522435  67.021969  -2.04  0.14  -237.0  2.4  -0.15  0.29    1
226.4217149  67.031271  -3.31  0.24  -236.2  2.8  -99.0  -99.0    1
226.4638448  67.042926  -2.12  0.16  -243.4  2.7  0.31  0.23    1
226.3347708  67.088565  -2.12  0.14  -257.3  2.6  0.32  0.2    1
226.407089  67.068352  -3.1  0.42  -251.8  3.4  0.24  0.91    1
226.4866787  67.07299  -2.09  0.16  -244.9  2.9  -0.17  0.4    1
226.2325494  67.063064  -2.01  0.42  -241.1  15.7  0.71  0.62    1
226.2880693  67.083226  -1.91  0.35  -246.1  5.4  -0.14  0.89    1
226.3616587  67.085197  -2.8  0.67  -236.2  5.8  -99.0  -99.0    1
226.3057878  67.031696  -1.72  0.23  -253.9  3.7  -99.0  -99.0    1
226.4781748  67.059539  -1.94  0.49  -240.2  17.1  -99.0  -99.0    1
226.5143618  67.072924  -2.48  0.4  -249.3  5.9  0.51  0.6    1
226.5454215  67.085516  -2.31  0.24  -248.0  4.5  -99.0  -99.0    1
226.3983365  67.013981  -2.03  0.53  -255.2  10.0  -99.0  -99.0    1
226.5078401  67.057678  -2.36  0.25  -239.6  3.3  -0.11  0.66    1
226.4840603  67.039911  -1.13  0.33  -263.8  11.3  -99.0  -99.0    1
226.4987279  67.035005  -2.28  0.18  -242.2  2.7  0.71  0.21    1
226.5869426  67.067732  -2.29  0.11  -251.7  2.2  0.18  0.09    1
226.6445713  67.095322  -2.12  0.12  -249.1  2.4  -0.17  0.2    1
226.6220504  67.076228  -2.03  0.15  -246.7  3.0  -0.28  0.35    1
226.5963338  67.059174  -2.3  0.14  -242.8  2.5  0.06  0.24    1
226.5082954  67.47462  -3.04  0.43  -243.5  2.8  -99.0  -99.0    1
226.7177265  67.421071  -2.07  0.16  -268.9  2.6  -0.23  0.51    1
226.6919399  67.397288  -2.06  0.35  -244.7  5.7  0.41  0.41    1
226.7073794  67.404491  -2.79  0.44  -241.6  3.8  -99.0  -99.0    1
226.8464691  67.406323  -2.13  0.49  -244.0  5.3  0.28  0.72    1
226.8984953  67.41116  -1.92  0.52  -243.8  17.4  -99.0  -99.0    1
226.9463415  67.397318  -2.5  0.22  -244.7  2.7  0.26  0.5    1
226.9092091  67.348495  -1.91  0.54  -235.4  16.0  -99.0  -99.0    1
226.6223747  67.380165  -2.72  0.21  -263.3  3.0  -99.0  -99.0    1
226.5492913  67.399887  -2.96  0.12  -246.4  2.3  0.17  0.18    1
226.7147481  67.365021  -2.78  0.56  -238.9  9.5  -99.0  -99.0    1
226.3519988  67.438055  -2.5  0.2  -258.2  4.9  0.17  0.41    1
227.0726377  67.050227  -1.93  0.13  -240.3  2.5  0.12  0.21    1
227.0052858  67.076506  -2.06  0.13  -246.1  2.5  0.23  0.16    1
227.0105221  67.075208  -2.93  0.64  -254.1  12.3  -99.0  -99.0    1
227.192343  67.037413  -2.39  0.12  -236.2  2.3  0.05  0.15    1
227.2971727  67.100759  -1.94  0.17  -255.8  2.7  -99.0  -99.0    1
227.4010422  67.072124  -2.14  0.11  -224.0  2.2  0.14  0.09    1
227.375128  67.059464  -2.09  0.12  -225.5  2.4  -0.05  0.22    1
227.3866113  67.054112  -2.62  0.11  -228.3  2.2  0.06  0.16    1
227.3562653  67.096853  -1.96  0.12  -252.6  2.3  0.11  0.15    1
227.2236199  67.04752  -2.68  0.24  -259.8  3.2  0.77  0.28    1
227.2815551  67.026336  -1.86  0.18  -250.7  3.4  -0.01  0.38    1
227.2586807  67.091094  -2.28  0.34  -251.6  4.3  -99.0  -99.0    1
227.31239  67.051029  -2.13  0.14  -252.2  2.6  -0.01  0.24    1
227.1422874  67.052296  -2.21  0.25  -255.2  5.8  0.34  0.36    1
226.9762646  67.068672  -1.66  0.18  -241.3  4.9  -0.57  0.54    1
227.1055549  67.036204  -1.73  0.12  -249.0  2.4  -0.15  0.18    1
227.0305177  67.075714  -2.13  0.37  -234.2  5.0  -99.0  -99.0    1
227.0848731  67.088348  -1.91  0.42  -237.7  8.2  -99.0  -99.0    1
227.091768  67.067194  -1.78  0.31  -247.3  7.8  -99.0  -99.0    1
227.0630339  67.049877  -1.89  0.27  -243.8  6.4  0.35  0.46    1
227.3616362  67.069882  -1.51  0.29  -242.0  12.3  -99.0  -99.0    1
227.11645  67.037657  -2.24  0.36  -244.2  5.6  -99.0  -99.0    1
227.1743931  67.063895  -2.18  0.29  -262.1  4.0  -99.0  -99.0    1
227.2793964  67.096037  -1.73  0.47  -231.9  5.7  0.72  0.56    1
227.4002665  67.045908  -2.57  0.25  -243.4  3.3  -99.0  -99.0    1
226.8353587  67.123692  -1.75  0.14  -246.6  2.6  -0.2  0.33    1
226.887213  67.120851  -2.88  0.21  -236.7  2.4  -99.0  -99.0    1
226.8742377  67.107515  -3.24  0.39  -240.6  2.9  -99.0  -99.0    1
226.827445  67.095883  -1.32  0.23  -229.4  9.1  -0.14  0.54    1
226.9398455  67.121432  -1.87  0.33  -258.9  5.6  0.49  0.52    1
226.9797735  67.121725  -2.01  0.11  -244.2  2.2  0.06  0.09    1
226.9755572  67.121972  -1.29  0.23  -248.1  4.2  -99.0  -99.0    1
227.0077238  67.107083  -1.6  0.28  -234.2  5.8  0.05  0.54    1
226.8554826  67.097284  -2.36  0.43  -244.1  4.1  0.49  0.72    1
226.8275902  67.080604  -2.13  0.39  -248.5  4.3  -99.0  -99.0    1
226.8020457  67.101796  -1.79  0.35  -243.0  7.0  0.53  0.5    1
227.0114183  67.106117  -2.13  0.42  -244.3  9.6  -99.0  -99.0    1
226.9139077  67.124552  -2.8  0.72  -252.1  8.7  -99.0  -99.0    1
227.0061052  67.053818  -2.28  0.38  -226.4  15.9  0.3  0.69    1
226.8974914  67.097048  -1.64  0.26  -246.3  6.0  0.56  0.34    1
226.8916991  67.0615  -2.64  0.48  -261.3  8.3  -99.0  -99.0    1
226.906508  67.085918  -1.98  0.5  -236.8  8.0  -99.0  -99.0    1
228.0019508  67.365897  -2.98  0.34  -244.6  3.3  -99.0  -99.0    1
228.0368408  67.455559  -2.32  0.34  -242.0  7.3  0.27  0.5    1
228.0212526  67.40134  -2.38  0.15  -252.1  2.5  0.43  0.21    1
228.0133757  67.394138  -2.38  0.45  -239.8  7.1  -99.0  -99.0    1
227.9566155  67.353789  -2.03  0.19  -249.9  2.5  -0.0  0.36    1
228.0314872  67.417591  -2.4  0.29  -242.4  4.9  0.09  0.56    1
227.9953852  67.343343  -2.2  0.34  -249.9  3.8  0.48  0.51    1
227.9930504  67.332889  -1.66  0.17  -261.7  4.0  -99.0  -99.0    1
228.0564985  67.348006  -2.6  0.12  -249.8  2.2  0.25  0.14    1
227.9641953  67.27732  -1.67  0.2  -236.7  4.8  0.2  0.3    1
228.067087  67.286573  -2.01  0.11  -243.2  2.3  0.08  0.13    1
228.0233895  67.327147  -2.18  0.19  -243.1  2.9  -99.0  -99.0    1
227.9170715  67.444551  -2.08  0.22  -245.7  3.4  -0.33  0.8    1
227.9223158  67.304879  -2.55  0.45  -242.7  4.1  0.65  0.68    1
228.0248529  67.247228  -3.01  0.69  -264.6  6.7  -99.0  -99.0    1
227.9149733  67.31464  -1.65  0.23  -248.3  3.8  -99.0  -99.0    1
227.917837  67.350743  -2.51  0.4  -249.6  3.1  -99.0  -99.0    1
227.985103  67.259874  -2.49  0.73  -230.0  5.3  -99.0  -99.0    1
228.0577819  67.245422  -2.42  0.17  -240.5  2.7  0.52  0.23    1
226.8697683  67.150801  -1.62  0.12  -232.8  2.6  -0.19  0.21    1
226.8475457  67.134534  -2.14  0.19  -247.1  3.0  0.11  0.37    1
226.8405849  67.149645  -2.4  0.82  -254.2  7.0  0.79  0.92    1
226.7922308  67.137733  -2.92  0.89  -237.8  19.7  -99.0  -99.0    1
226.7817947  67.136718  -1.63  0.34  -245.9  7.0  -99.0  -99.0    1
226.867188  67.139205  -0.66  0.25  -237.3  15.9  0.69  0.43    1
226.2694042  67.210724  -2.26  0.13  -257.4  2.3  0.34  0.18    1
226.286334  67.181135  -2.23  0.8  -244.3  12.6  -99.0  -99.0    1
226.3730538  67.190126  -2.38  0.22  -237.2  3.4  -99.0  -99.0    1
226.298555  67.166494  -3.33  0.98  -246.3  6.7  -99.0  -99.0    1
226.3773405  67.182591  -2.93  0.21  -249.2  2.4  0.52  0.25    1
226.5393957  67.145071  -1.84  0.34  -256.7  7.6  -0.05  0.6    1
226.5562736  67.14501  -2.77  0.75  -237.5  5.3  -99.0  -99.0    1
226.3001826  67.179726  -3.6  0.84  -238.3  3.5  -99.0  -99.0    1
226.4736241  67.152335  -2.27  0.23  -257.8  2.9  -0.48  0.85    1
226.3374029  67.177082  -2.1  0.41  -220.3  7.6  0.25  0.85    1
226.615833  67.196193  -2.61  0.12  -249.4  2.3  0.37  0.18    1
226.8130413  67.164443  -1.5  0.11  -240.9  2.3  -0.12  0.14    1
226.719208  67.200998  -2.58  0.13  -228.3  2.3  0.06  0.43    1
226.6012913  67.18022  -2.25  0.12  -234.8  2.4  0.19  0.17    1
226.7554997  67.148859  -2.34  0.15  -245.9  2.6  0.12  0.28    1
226.680833  67.153443  -2.12  0.11  -257.1  2.2  0.03  0.09    1
226.7251663  67.14072  -1.68  0.15  -251.6  3.0  -99.0  -99.0    1
226.6851247  67.133582  -2.46  0.15  -252.6  2.5  0.15  0.25    1
226.635583  67.141165  -2.14  0.13  -249.3  2.6  -0.01  0.23    1
226.3276663  67.236082  -1.36  0.23  -235.7  3.8  -99.0  -99.0    1
226.8329312  67.169849  -3.28  0.3  -244.6  2.4  -99.0  -99.0    1
226.7831353  67.151485  -2.45  0.16  -257.5  2.5  0.25  0.28    1
226.747827  67.16676  -1.38  0.29  -259.1  12.6  -99.0  -99.0    1
226.7621687  67.151096  -2.79  0.6  -235.5  17.4  -99.0  -99.0    1
226.7683145  67.152629  -2.3  0.33  -248.8  5.6  0.19  0.65    1
226.7366312  67.169374  -1.56  0.18  -247.9  3.3  -0.47  0.61    1
226.7980978  67.18619  -2.48  0.37  -238.9  3.7  0.76  0.56    1
226.6955152  67.170992  -2.31  0.12  -233.6  2.3  -0.44  0.39    1
226.6795296  67.159378  -2.14  0.43  -227.1  7.3  -99.0  -99.0    1
226.6496726  67.17874  -2.14  0.19  -237.4  3.4  -0.09  0.49    1
226.593065  67.19165  -2.34  0.52  -246.6  13.0  -99.0  -99.0    1
226.4529128  67.167597  -1.59  0.34  -224.7  6.8  -99.0  -99.0    1
